8.578611436162489667e+01 8.006704975282289638e+01
8.578611436162489667e+01 8.006704975282289638e+01
8.578611436162489667e+01 8.006704975282289638e+01
8.578611436162489667e+01 8.006704975282289638e+01
8.578611436162489667e+01 8.006704975282289638e+01
8.578611436162489667e+01 8.006704975282289638e+01
8.566377477462310708e+01 8.013323662876382514e+01
8.538802158684005406e+01 8.026035942459854766e+01
8.510803209803715674e+01 8.036946212613315765e+01
8.422237583229015456e+01 8.050337090407970209e+01
8.258810534139182380e+01 8.066140158598018672e+01
8.098003028192735542e+01 8.077800324480649863e+01
7.908332267036577434e+01 8.084220919323173860e+01
7.672421184174127973e+01 8.086666120293698157e+01
7.457501469162757246e+01 8.086867643310607434e+01
7.242853159174002542e+01 8.086178111611484098e+01
7.015383095252147427e+01 8.085379745193110068e+01
6.830238792569646478e+01 8.084795478510794453e+01
6.634535755733021745e+01 8.084476154129679060e+01
6.397709080571414120e+01 8.084356148697065692e+01
6.188129002994838856e+01 8.084347811687347019e+01
5.966663521495621580e+01 8.084383283675691700e+01
5.724022510775925099e+01 8.084423606353352909e+01
5.532559239524400141e+01 8.084452877467086296e+01
5.348045547725260462e+01 8.087778099137182153e+01
5.148181984071509021e+01 8.097449468928770955e+01
4.979866310086456593e+01 8.109261073419919796e+01
4.800873246156977814e+01 8.118100480436142163e+01
4.593670275102743261e+01 8.123029933807035263e+01
4.408512633416081172e+01 8.124948809788327253e+01
4.222694183168482596e+01 8.125147170650988926e+01
4.025708689412108043e+01 8.124648290613266965e+01
3.865502153853219625e+01 8.124051298332146587e+01
3.680674178642221506e+01 8.123608237430670442e+01
3.446605078827463586e+01 8.123362982649372555e+01
3.235384952100385192e+01 8.123268719701098917e+01
3.011708880466401084e+01 8.123260117926011503e+01
2.762744953172223816e+01 8.123285824716154480e+01
2.558356430959322481e+01 8.123315990257219710e+01
2.387067735338756691e+01 8.123338193947533625e+01
2.227155808869721909e+01 8.126659737235607395e+01
2.104076509287023811e+01 8.133020505091337782e+01
1.969041693167037721e+01 8.138476004217787363e+01
1.803035082275539480e+01 8.141860775985811927e+01
1.660194540088109605e+01 8.143404646452869144e+01
1.535199923447315484e+01 8.143778481795686730e+01
1.420025853730498078e+01 8.143602077421894592e+01
1.338043844592002074e+01 8.143279056506233360e+01
1.204682863694238826e+01 8.139695511463230559e+01
1.008593690819953892e+01 8.129861127762460171e+01
8.406457831638048717e+00 8.117973540460576487e+01
6.636699860067134082e+00 8.095877043843506726e+01
4.671337917411046092e+00 8.062220987620827373e+01
3.030842946392073856e+00 8.032140363166220709e+01
1.477349240538308628e+00 8.006336788967233531e+01
-1.030524607999911135e-01 7.977945167490349831e+01
-1.372932554319772125e+00 7.951878182944345497e+01
-2.934344831530502962e+00 7.928349286659566530e+01
-4.862091849130648846e+00 7.904176522407608729e+01
-6.463590034397027395e+00 7.884582471636996104e+01
-8.606972196936759190e+00 7.859677478557787822e+01
-1.142998988959604745e+01 7.825912287638193732e+01
-1.390443851506219453e+01 7.796752103774007026e+01
-1.642540809610370900e+01 7.765336643537361283e+01
-1.906944117859005416e+01 7.728260137256636142e+01
-2.109971644626785903e+01 7.698022020552974709e+01
-2.294531006571141063e+01 7.670004291481886582e+01
-2.490708579476581974e+01 7.639774005522768618e+01
-2.650530719922488743e+01 7.612163753289927115e+01
-2.810784865394416698e+01 7.574882915996069244e+01
-3.001967730134970225e+01 7.521576205484052480e+01
-3.176680308335662417e+01 7.467384769153365198e+01
-3.366118089220982768e+01 7.400766848236058593e+01
-3.569169923881384676e+01 7.327734005518672689e+01
-3.727840908641957895e+01 7.272282222268054852e+01
-3.863434862447719098e+01 7.211610663250056064e+01
-3.987455466284413319e+01 7.138668066866223683e+01
-4.082977155829930638e+01 7.072048425259764315e+01
-4.205850396503500832e+01 6.963641578463925441e+01
-4.373319884713485095e+01 6.802640197901594377e+01
-4.525728709527090388e+01 6.652925652741372176e+01
-4.664310108967666935e+01 6.522376743484718986e+01
-4.789697791134509686e+01 6.404603390164032817e+01
-4.877926071893997317e+01 6.317086798429384231e+01
-4.964618519550514009e+01 6.212757029854975599e+01
-5.063247278873714663e+01 6.072809638673944477e+01
-5.146048490418314003e+01 5.936654790528817927e+01
-5.224669618796624349e+01 5.780777931642516165e+01
-5.302094463298516303e+01 5.607934003680735202e+01
-5.362053415965410608e+01 5.462421025476950120e+01
-5.436735706372014221e+01 5.295174833436426809e+01
-5.525014690158576514e+01 5.112673356876810971e+01
-5.590195487038327116e+01 4.982660421222106351e+01
-5.630187265728734758e+01 4.896842679810087873e+01
-5.651712013835972925e+01 4.833614909876892796e+01
-5.663655143205604503e+01 4.783155139966439862e+01
-5.700360150556696937e+01 4.665400958033849577e+01
-5.763431821203562322e+01 4.481270710066469576e+01
-5.823765904665214066e+01 4.309427435600898093e+01
-5.871507973592363783e+01 4.165449772653451532e+01
-5.902957735327899513e+01 4.053681899214196704e+01
-5.918389119093583872e+01 3.983611126670687241e+01
-5.935237488376121462e+01 3.924744099281718235e+01
-5.957893447870598180e+01 3.865702877396424242e+01
-5.975475803282604659e+01 3.815468885192698423e+01
-6.005979818318421337e+01 3.712955603321776721e+01
-6.053361295165436218e+01 3.562460912031618676e+01
-6.095425991655999809e+01 3.436440678356931500e+01
-6.134371273184550688e+01 3.339710631346618896e+01
-6.170416363918698721e+01 3.257361816209964189e+01
-6.193915410579568004e+01 3.191272562996930873e+01
-6.213464309737319979e+01 3.106745332103611901e+01
-6.236510860185266836e+01 2.997838599848614649e+01
-6.265214137226590907e+01 2.899362881622188226e+01
-6.298040724699003334e+01 2.797232067526571342e+01
-6.325484561987251908e+01 2.680918168726892503e+01
-6.342206176323759337e+01 2.578699152342494827e+01
-6.357807814679637204e+01 2.458392078999967723e+01
-6.375129009193106810e+01 2.310394253696918909e+01
-6.395724619471331351e+01 2.177863953596436986e+01
-6.430303115337719078e+01 2.005166404026413574e+01
-6.469674757927910491e+01 1.793584910782807995e+01
-6.498276451173069290e+01 1.623091213975520120e+01
-6.526035800754510774e+01 1.492671712550213137e+01
-6.559373879637995230e+01 1.392191814064734245e+01
-6.587702724618641525e+01 1.331859031525538661e+01
-6.621477150190085581e+01 1.275748720311203677e+01
-6.660704436058149724e+01 1.206513965409985367e+01
-6.689450869045582238e+01 1.145416371063565641e+01
-6.713337429098667997e+01 1.070797545975852216e+01
-6.743083190426220597e+01 9.695994018694461758e+00
-6.772616956215853179e+01 8.764239194016210988e+00
-6.796746661085798280e+01 7.927079416909927012e+00
-6.814751584467082068e+01 7.156587196184467814e+00
-6.824766283455097948e+01 6.627189968330765346e+00
-6.828647452643613747e+01 6.123558718132314560e+00
-6.829032352209826229e+01 5.521935624668855347e+00
-6.828006176320313614e+01 5.018144724038990034e+00
-6.826786708450450192e+01 4.644635404646216159e+00
-6.825884298290571905e+01 4.380452129826590379e+00
-6.825386075502528627e+01 4.207585783463019702e+00
-6.825195452654787687e+01 4.028420351476937888e+00
-6.825178889675993332e+01 3.780177005358395625e+00
-6.825231748751029670e+01 3.527901316206162985e+00
-6.825293361711671025e+01 3.189000068541965938e+00
-6.825338582505463592e+01 2.748945515288279129e+00
-6.825363363251142346e+01 2.382921628758496890e+00
-6.829450706737321752e+01 2.028353880027439882e+00
-6.837283844516896636e+01 1.642577393022043308e+00
-6.844003292585617260e+01 1.339326201535772531e+00
-6.848172744569006909e+01 8.321135325705987240e-01
-6.850074813149281283e+01 -9.228571011748246122e-03
-6.850535615740011508e+01 -8.541468552662307978e-01
-6.854396513704639915e+01 -1.857280914641816993e+00
-6.861831162655556682e+01 -3.110489213190669844e+00
-6.868215600681733690e+01 -4.366335377836874088e+00
-6.872180108518378461e+01 -5.764443100404719189e+00
-6.873990424328862048e+01 -7.115513565804080010e+00
-6.874430405033655234e+01 -8.052144683173434458e+00
-6.874225265764023618e+01 -8.632798835353845845e+00
-6.873847692236853391e+01 -8.988084892451677632e+00
-6.873526793722581374e+01 -9.175995107034029985e+00
-6.877406946582230773e+01 -9.308574391821061056e+00
-6.885149904543325761e+01 -9.436165136519326424e+00
-6.891851010447074088e+01 -9.521290920776495526e+00
-6.896034435758365078e+01 -9.563661518938175732e+00
-6.897957937968831743e+01 -9.576783753621803896e+00
-6.898436098882650924e+01 -9.574948485002199305e+00
-6.898229339913461899e+01 -9.568185135723989987e+00
