-7.878923539407784915e+01 -8.201866649316630742e+01
-7.864497808479207208e+01 -8.207716045303676822e+01
-7.859467867121729512e+01 -8.209755603571967697e+01
-7.857714035015409593e+01 -8.210466753567447995e+01
-7.857102511572381331e+01 -8.210714716238548760e+01
-7.856889286532179995e+01 -8.210801175475911862e+01
-7.867613166697805127e+01 -8.192665265329067381e+01
-7.888340266906058673e+01 -8.157779500611938772e+01
-7.906154197352564950e+01 -8.114041235489584381e+01
-7.917222328478869997e+01 -7.993133159961583090e+01
-7.922280125561492525e+01 -7.768012942805799526e+01
-7.923512402760955808e+01 -7.534158382721894043e+01
-7.922942446718639076e+01 -7.295715513081732695e+01
-7.921889774950471974e+01 -7.024128075724526354e+01
-7.920994386428168355e+01 -6.790794631413687910e+01
-7.884387891692422556e+01 -6.521767637842550869e+01
-7.802871833760133313e+01 -6.162074359652451960e+01
-7.720298333293550286e+01 -5.835487395453852599e+01
-7.627573376415556083e+01 -5.501002831086177025e+01
-7.493191334458389008e+01 -5.100044655882194178e+01
-7.354859400029080518e+01 -4.748246760757770346e+01
-7.211046143123203933e+01 -4.333557515723305187e+01
-7.069156107072942063e+01 -3.859696549215428263e+01
-6.973154407790114817e+01 -3.514911599654328711e+01
-6.888578401238487459e+01 -3.120666961924758809e+01
-6.803756820703927133e+01 -2.653688339826217302e+01
-6.745852981599165332e+01 -2.225870739381637264e+01
-6.656216444883220618e+01 -1.731923327105031873e+01
-6.531115726384200570e+01 -1.162131124237972557e+01
-6.432778627077537692e+01 -6.738005450177171340e+00
-6.339562598647053449e+01 -1.710629116692338414e+00
-6.246528575041045883e+01 3.509435736580967191e+00
-6.183184817127730781e+01 7.138380676146300452e+00
-6.114898404434907775e+01 1.109356458122160483e+01
-6.035147201696056385e+01 1.570998575059263302e+01
-5.940510353768875973e+01 1.978955175348906081e+01
-5.839134622411883413e+01 2.462691471813395339e+01
-5.743518512956336508e+01 3.060871682031058327e+01
-5.659546110089593185e+01 3.594779096750702507e+01
-5.606602747099478989e+01 4.059084577576196295e+01
-5.581952681844089881e+01 4.519965321258779056e+01
-5.575578743558161676e+01 4.886845288265619303e+01
-5.577969848277751197e+01 5.336651386044284351e+01
-5.582829873116443764e+01 5.877838891774391072e+01
-5.587052303892405547e+01 6.342427354404575368e+01
-5.589695280684023970e+01 6.767592047346869322e+01
-5.590914607288193139e+01 7.114865124682563646e+01
-5.591221011704188726e+01 7.350430992328033142e+01
-5.591093403903462189e+01 7.576551523643499308e+01
-5.590846476722769864e+01 7.854357070107013783e+01
-5.590634200143716015e+01 8.110764178719597339e+01
-5.590502285232717128e+01 8.332792090030818599e+01
-5.590441990237265202e+01 8.547038773369324360e+01
-5.590427288791993732e+01 8.714204075727026577e+01
-5.590434071561509199e+01 8.831471779959311164e+01
-5.590446612426584494e+01 8.945483409149808551e+01
-5.590457282218552848e+01 9.051998730593098230e+01
-5.590463865049017755e+01 9.135623106742374944e+01
-5.590466845611624791e+01 9.196186754284065046e+01
-5.590467549542707815e+01 9.228967360058256020e+01
-5.590467190301360745e+01 9.241071023942294005e+01
-5.590466553624309398e+01 9.241700430279146872e+01
-5.590466017426716405e+01 9.237900691638650130e+01
-5.590465688991900350e+01 9.233678515557109279e+01
-5.590465541703911612e+01 9.216857493713236238e+01
-5.590465508074277068e+01 9.188746739605846869e+01
-5.578447468917086383e+01 9.068913194792632737e+01
-5.555364841298281675e+01 8.869414586806585987e+01
-5.535554254883675185e+01 8.704078974374560573e+01
-5.511239428577787436e+01 8.500572087999680093e+01
-5.482544594265164051e+01 8.230202310104084518e+01
-5.461372339387378361e+01 7.997274786751778208e+01
-5.449713972450454946e+01 7.769587965736693036e+01
-5.445274032081842819e+01 7.523634159715214764e+01
-5.444908109947976271e+01 7.331259124399554139e+01
-5.458178202785530431e+01 7.102690458767115445e+01
-5.482710517424748531e+01 6.831540269880571259e+01
-5.515600086603195962e+01 6.603459527613073021e+01
-5.575595469140247928e+01 6.364038712719247570e+01
-5.647401487154511557e+01 6.130659079404368583e+01
-5.700696279771342745e+01 5.939347961083624483e+01
-5.766253377138674097e+01 5.697937368303324490e+01
-5.846841903483846892e+01 5.396444369504717287e+01
-5.907309739028066531e+01 5.138801250593837011e+01
-5.989180797458002559e+01 4.827692291423960569e+01
-6.094719673776776858e+01 4.415655300365940406e+01
-6.175376221024561829e+01 4.055610919455585162e+01
-6.233198621194245703e+01 3.739751453877757825e+01
-6.274656485322351074e+01 3.407582642030444475e+01
-6.296882647994521420e+01 3.127159591272281247e+01
-6.328980170270492067e+01 2.768965185539801510e+01
-6.375419750919263606e+01 2.334127789426092647e+01
-6.412358028199484750e+01 1.947457950588966114e+01
-6.434033079179485526e+01 1.551135901777132275e+01
-6.443181400071301823e+01 1.145176101066847174e+01
-6.444800168441331323e+01 8.229180672559722964e+00
-6.383038261523538637e+01 5.513932068615161164e+00
-6.265272967374407642e+01 3.130071085569021250e+00
-6.164366063127508255e+01 1.627390989197640137e+00
-6.041711888385992779e+01 3.074942726766511925e-01
-5.861732622965135420e+01 -1.340634194051354866e+00
-5.638475653052458370e+01 -3.376498341605223441e+00
-5.356399905047715748e+01 -6.007556988437965373e+00
-5.055654411067688869e+01 -8.767136095942161589e+00
-4.822865146008807358e+01 -1.087543442836362217e+01
-4.508972660011979627e+01 -1.227921401292700310e+01
-4.024078866543400324e+01 -1.336322045562731553e+01
-3.557325216120005962e+01 -1.416425471998788232e+01
-3.065606243701585854e+01 -1.481275617698501534e+01
-2.480197243893444892e+01 -1.544752834162522603e+01
-1.973426053453641060e+01 -1.593513417072999694e+01
-1.440673318303016437e+01 -1.635111895300517304e+01
-8.195713506267793491e+00 -1.686615489170922899e+01
-3.113648865446725811e+00 -1.737372703343583424e+01
7.754210955559013296e-01 -1.778586894940025687e+01
4.439929669895269271e+00 -1.809162262566639612e+01
7.482582327294329261e+00 -1.826081210450007930e+01
1.040886239986649109e+01 -1.832580004656703920e+01
1.342226489220145424e+01 -1.833169248315002164e+01
1.561289229826059355e+01 -1.831392957889634943e+01
1.680277036987300576e+01 -1.829310464152738192e+01
1.736513991018693304e+01 -1.827778213835426868e+01
1.762180292605159337e+01 -1.826936638315558881e+01
1.984732632617050285e+01 -1.826617572871383643e+01
2.433355060691365424e+01 -1.826592668208246195e+01
3.010067841878754180e+01 -1.826684103803340165e+01
3.622416825551398034e+01 -1.826789301321828063e+01
4.156414493442923686e+01 -1.792397190489588965e+01
4.566295977218555180e+01 -1.726235874055415564e+01
4.990657227092036408e+01 -1.621176451206197200e+01
5.442165276455968126e+01 -1.493224735121751401e+01
5.892110898591543844e+01 -1.328639919510905543e+01
6.313296116724016827e+01 -1.142947337944679020e+01
6.673897745652566016e+01 -9.603460679275602985e+00
6.970586875685283701e+01 -7.950176140463601548e+00
7.233378530682156793e+01 -5.990784370884323806e+00
7.473236524980491424e+01 -3.348680988040151796e+00
7.676340991243172596e+01 2.357700142579760016e-01
7.855095963369568324e+01 4.528963272644548788e+00
8.002457614196850955e+01 9.170507253497438782e+00
8.160324298579152469e+01 1.474145509281727939e+01
8.361716652046385434e+01 2.249414555651926761e+01
8.556872785616666022e+01 3.068279323369179679e+01
8.687590477999424365e+01 3.828606154809111928e+01
8.752937825833664931e+01 4.487296453657393158e+01
8.773386114742847042e+01 5.078032543264721710e+01
8.770776270912958239e+01 5.694385657581020155e+01
8.760499566848720576e+01 6.354497451362004057e+01
8.750669540868486251e+01 7.034409339084552926e+01
8.744134136520781908e+01 7.633184068446328752e+01
8.740893889248395965e+01 8.127454641104587552e+01
8.739899777414967730e+01 8.500522122092502286e+01
8.740049996112070119e+01 8.728135818929649759e+01
8.740574116009609895e+01 8.829668804777053026e+01
8.741069147534018668e+01 8.852406516559311456e+01
8.741395834610523252e+01 8.838864970394139675e+01
8.741556458632788917e+01 8.816264827385683134e+01
8.741604736928380248e+01 8.783734833016727350e+01
8.741596238809843555e+01 8.711431788325580783e+01
8.705515347792056957e+01 8.500292317881375936e+01
8.624224385870091680e+01 8.148043360510082778e+01
8.529675500516447073e+01 7.711427090236631443e+01
8.449883913357740539e+01 7.298724108969138058e+01
8.352865396013233124e+01 6.881474600847791123e+01
8.214505218746973014e+01 6.407336031045527136e+01
8.084040237745333002e+01 5.905784935763848154e+01
7.998026631677890919e+01 5.401768085299183042e+01
7.943764922235411063e+01 4.893015767458815901e+01
7.908020536850897031e+01 4.358871689508627867e+01
7.878463942768625827e+01 3.721299183337058736e+01
7.850136836396576712e+01 3.086585463370322202e+01
7.831282549388465952e+01 2.441318979999598326e+01
7.821922823885141440e+01 1.742646734479432880e+01
7.795006370116765027e+01 1.028188519033532344e+01
7.749265768030964807e+01 3.284376525063573027e+00
7.735188188256032049e+01 -3.340781573894795020e+00
7.758186514102105491e+01 -9.548801772213295180e+00
7.787525877918962181e+01 -1.601888891645358370e+01
7.809860156010078924e+01 -2.208573558277320714e+01
7.822501261167377606e+01 -2.772671865291036397e+01
7.827544949824466869e+01 -3.388896857087238601e+01
7.828182705964903221e+01 -4.049119958691557031e+01
7.826993625914624886e+01 -4.670721941020304513e+01
7.801473783475998403e+01 -5.212685226979594688e+01
7.754188585106683718e+01 -5.636748488582946237e+01
7.701920097782387131e+01 -6.006421728183072872e+01
7.653995846347777388e+01 -6.346364534264771606e+01
7.586878126833363467e+01 -6.691196424771649731e+01
7.502671482070611830e+01 -7.036054456332878715e+01
7.414943194034677276e+01 -7.360734136746448542e+01
7.332926505600202916e+01 -7.680186993015773567e+01
7.279129908707886898e+01 -7.961363578499610583e+01
7.252863077244245460e+01 -8.174911360828679108e+01
7.221069662011051093e+01 -8.364476657288716410e+01
7.176438584907657514e+01 -8.551750073373476368e+01
7.141287392934347622e+01 -8.698337489693116709e+01
7.120822503588786390e+01 -8.822832863123120717e+01
7.100268335683807663e+01 -8.930444443158903312e+01
7.075763813592486429e+01 -9.003570070572081363e+01
7.057605968484580217e+01 -9.054489655975220330e+01
7.047568817532562946e+01 -9.106802093164247935e+01
7.043720428819251822e+01 -9.161867263581802945e+01
7.043378227435039207e+01 -9.206414776169734182e+01
7.044437160956130128e+01 -9.239795395881897377e+01
7.045675292520282085e+01 -9.264433035517849646e+01
7.046585229428686148e+01 -9.278003597979686390e+01
7.047084477934011204e+01 -9.303855783553018455e+01
7.047273404001448682e+01 -9.344006438892832023e+01
