8.578611436162489667e+01 8.006704975282289638e+01
8.577478444119046230e+01 8.009321936028584332e+01
8.570119720738115632e+01 8.013875006701330506e+01
8.555289989539221551e+01 8.017739584550079712e+01
8.536825406100805935e+01 8.021556493297019585e+01
8.516288889036653131e+01 8.025277379323026139e+01
8.494266663129704398e+01 8.028881093947633474e+01
8.470918009553336958e+01 8.032361827175903102e+01
8.446211978172389934e+01 8.035720131291967050e+01
8.420028937396708102e+01 8.038959000293151291e+01
8.392203686301412802e+01 8.042082177329574222e+01
8.362543268025990528e+01 8.045093423326852644e+01
8.330833795020218702e+01 8.047996198940180079e+01
8.296842462242885574e+01 8.050793523111978800e+01
8.260317409794089372e+01 8.053487905906501965e+01
8.220986577600392309e+01 8.056081311343469054e+01
8.178556038047645416e+01 8.058575131015768989e+01
8.132708008128025767e+01 8.060970160088535863e+01
8.083098619158792530e+01 8.063266571931907833e+01
8.029355468032592569e+01 8.065463889633923600e+01
7.971074949778635244e+01 8.067560953483661024e+01
7.907819359883268362e+01 8.069555883860157053e+01
7.839113748958260430e+01 8.071446039091610203e+01
7.764442508761582928e+01 8.073227967883359213e+01
7.683245665883701747e+01 8.074897355904383289e+01
7.594914857010782328e+01 8.076448966092966941e+01
7.498788957307625935e+01 8.077876572201732586e+01
7.394149331033743522e+01 8.079172885053625919e+01
7.280214671026838857e+01 8.080329470922909252e+01
7.156135391296619730e+01 8.081336661384560216e+01
7.020987535048759298e+01 8.082183453880352886e+01
6.873766159927237140e+01 8.082857402104446010e+01
6.713378165295054600e+01 8.083344495055490597e+01
6.538634538029575083e+01 8.083629023097793720e+01
6.348242025338466021e+01 8.083693428301454276e+01
6.140794322738700828e+01 8.083518133951386631e+01
5.914763055661676106e+01 8.083081342717859741e+01
5.668489280204462233e+01 8.082358780608899451e+01
5.400177270463609602e+01 8.081323335319105183e+01
5.107894779394369067e+01 8.079944471876812884e+01
4.789589569492817134e+01 8.078187167267158486e+01
4.443145034224809109e+01 8.076010673304695331e+01
4.066530486590681193e+01 8.073443273332833314e+01
3.658393946796165608e+01 8.077197882336247403e+01
3.231359730318987999e+01 8.084105082129019593e+01
2.804031225896722646e+01 8.083771825453024462e+01
2.384626161276396417e+01 8.076196456768866483e+01
1.976992578566067849e+01 8.062504567489912688e+01
1.582861457638018443e+01 8.043725383463642231e+01
1.202856364362676267e+01 8.020694244872227330e+01
8.369850989375608563e+00 7.994083379938604139e+01
4.848910059093168634e+00 7.964431646339421889e+01
1.459879862034795250e+00 7.932163934613895151e+01
-1.804619217137700238e+00 7.897603790077066321e+01
-4.952998267366304219e+00 7.860982213353095460e+01
-7.994361208621384662e+00 7.822444277407169011e+01
-1.093824510945290385e+01 7.782054400552979700e+01
-1.379440430841733622e+01 7.739800703724094433e+01
-1.657261997106964202e+01 7.695598677594620085e+01
-1.928252492844410071e+01 7.649294286983386826e+01
-2.193343767807412448e+01 7.600666593223598966e+01
-2.453420142535291149e+01 7.549429953568603935e+01
-2.709302504511704868e+01 7.495235847394793893e+01
-2.961732336084622830e+01 7.437674375683351968e+01
-3.211355442350908618e+01 7.376275479911265620e+01
-3.458705165277118709e+01 7.310509927425150067e+01
-3.704184885546613515e+01 7.239790111533592665e+01
-3.948049632225417582e+01 7.163470714811013806e+01
-4.190386650568844118e+01 7.080849281651534000e+01
-4.431094834797479365e+01 6.991166737454014424e+01
-4.669863044355093251e+01 6.893607869867504689e+01
-4.906147547693993971e+01 6.787301737693893244e+01
-5.139149296997712923e+01 6.671321865073367974e+01
-5.367792676109287697e+01 6.544685848313515919e+01
-5.590709284169528814e+01 6.406353505024817707e+01
-5.806234235084910722e+01 6.255221542931774081e+01
-6.012430360935872642e+01 6.090109531220137740e+01
-6.207171084468748035e+01 5.909719932290177979e+01
-6.388338647522527225e+01 5.712493980792142168e+01
-6.554210156888105132e+01 5.495918958021264444e+01
-6.703887626029654712e+01 5.252488666465287537e+01
-6.838616492165034799e+01 4.985565583201113071e+01
-6.960271229104579049e+01 4.709474308192922365e+01
-7.069674273297576406e+01 4.432210167862609751e+01
-7.167665766207252886e+01 4.158369051602264932e+01
-7.255172554477665869e+01 3.890660762056491251e+01
-7.333147368643138009e+01 3.630710907806442123e+01
-7.402519975368915084e+01 3.379493967459490023e+01
-7.464170718662948900e+01 3.137572212067082944e+01
-7.518918915422570137e+01 2.905231396334205130e+01
-7.567519509046856285e+01 2.682560962509423064e+01
-7.610663985267520104e+01 2.469503960336695059e+01
-7.648983349937392973e+01 2.265890050763277941e+01
-7.683051999738486870e+01 2.071458729561240020e+01
-7.713391876538064196e+01 1.885876619611187266e+01
-7.740476593694604901e+01 1.708750942256082794e+01
-7.764735379316888952e+01 1.539640355590274368e+01
-7.786556763432977846e+01 1.378063855035089702e+01
-7.806291978497915807e+01 1.223508166030349464e+01
-7.824258064316711625e+01 1.075433913246699724e+01
-7.840740679123437928e+01 9.332807690999663564e+00
-7.855996623422754510e+01 7.964717368607870718e+00
-7.870256084997220114e+01 6.644166946551916197e+00
-7.883724613649498281e+01 5.365153078811211174e+00
-7.896584833539087356e+01 4.121594046470415940e+00
-7.908997899785271102e+01 2.907348994465193126e+00
-7.921104704548751840e+01 1.716233431735627812e+00
-7.933026836180971486e+01 5.420317208698645084e-01
-7.944867293296158550e+01 -6.214927591809938923e-01
-7.956710953801960784e+01 -1.780589125798428318e+00
-7.968624797030204832e+01 -2.941511552036682797e+00
-7.980657875141208990e+01 -4.110512257899761046e+00
-7.992841027929733855e+01 -5.293834324505760414e+00
-8.005186333031524271e+01 -6.497703719402825762e+00
-8.017686281307362606e+01 -7.728319910090559297e+00
-8.030312664855365767e+01 -8.991844422582770946e+00
-8.043015162657081873e+01 -1.029438667166253119e+01
-8.055719606279330947e+01 -1.164198634754366246e+01
-8.068325905302727108e+01 -1.304059158667883800e+01
-8.080705609184298055e+01 -1.449603207636990199e+01
-8.092699079009393870e+01 -1.601398613232972323e+01
-8.104112238912479427e+01 -1.759994062421277050e+01
-8.114712872602540017e+01 -1.925914236643168564e+01
-8.124226424962289173e+01 -2.099653916482388993e+01
-8.132331261252441834e+01 -2.281670797096284176e+01
-8.138653325456235166e+01 -2.472376627399522064e+01
-8.142760121818439245e+01 -2.672126044015844926e+01
-8.144153914492433444e+01 -2.881202021482014786e+01
-8.142263991440979964e+01 -3.099796017125500569e+01
-8.136437764346948143e+01 -3.327979297863367947e+01
-8.125930409929661380e+01 -3.565658916828580516e+01
-8.109892985639660878e+01 -3.812506036510375651e+01
-8.087361111604955966e+01 -4.067833100878186769e+01
-8.057258905437848284e+01 -4.330373897075023137e+01
-8.018498632082169308e+01 -4.597871919386039963e+01
-7.970587757005061746e+01 -4.866260648279769896e+01
-7.916801094398765315e+01 -5.127842899359539786e+01
-7.857460199980592108e+01 -5.372808601279571405e+01
-7.789038220281614144e+01 -5.596138779192869350e+01
-7.711010560430649718e+01 -5.798400686560526651e+01
-7.623672681744197632e+01 -5.981524167188412378e+01
-7.527391215733425156e+01 -6.147666065387102208e+01
-7.422333874251286545e+01 -6.298924760139505707e+01
-7.308370936552323371e+01 -6.437278004750514526e+01
-7.185042947022709825e+01 -6.564573643827111482e+01
-7.051555477009942763e+01 -6.682529581248536488e+01
-6.906785170948030839e+01 -6.792733251267659966e+01
-6.749290335671899754e+01 -6.896639148213351689e+01
-6.577323198069572641e+01 -6.995564575017876052e+01
-6.388842787632629694e+01 -7.090683809278721128e+01
-6.181528375835624445e+01 -7.183020663490439972e+01
-5.952794026613316447e+01 -7.273439210707313407e+01
-5.699805344694621567e+01 -7.362632276511477869e+01
-5.419500147915667299e+01 -7.451107120421247032e+01
-5.108615765606057124e+01 -7.539167482191120939e+01
-4.763727342688536481e+01 -7.626890767152406170e+01
-4.381304572780724982e+01 -7.714098485459307142e+01
-3.957799981848570070e+01 -7.800317079344820570e+01
-3.489792865674856870e+01 -7.884725275979646142e+01
-2.974234963173832824e+01 -7.966085110950697867e+01
-2.408890398556955148e+01 -8.042665545702860186e+01
-1.793168232286495822e+01 -8.112223775467245446e+01
-1.129809888301063303e+01 -8.172332284611813691e+01
-4.286164434011348945e+00 -8.222163940113595970e+01
2.844545121642696905e+00 -8.269795802987964350e+01
9.795846032227753852e+00 -8.315724665283241279e+01
1.640388783699365405e+01 -8.352804835827468821e+01
2.259519233802508964e+01 -8.381756494593207663e+01
2.834349710788347565e+01 -8.403834543129656254e+01
3.364789077189346500e+01 -8.420189880169034780e+01
3.852114602511042563e+01 -8.431822889740307403e+01
4.298335646690725298e+01 -8.439592354346262937e+01
4.705839219620963121e+01 -8.444230199071633081e+01
5.077187514373604671e+01 -8.446356362392762662e+01
5.414998883659521312e+01 -8.446492669446980983e+01
5.721875803108699898e+01 -8.445075368194511611e+01
6.000360191370130991e+01 -8.442466249314696825e+01
6.252905320903424524e+01 -8.438962385028170843e+01
6.481858252269184106e+01 -8.434804571945069540e+01
6.689449240632437466e+01 -8.430184580962564667e+01
6.877785931043921153e+01 -8.425251319173706577e+01
7.048850919779752644e+01 -8.420116002920507015e+01
7.204501695703491748e+01 -8.414856431753537436e+01
7.346472236789540489e+01 -8.409520442298847342e+01
7.476375700873821017e+01 -8.404128609948371320e+01
7.595707757968338569e+01 -8.398676255382056866e+01
7.705850186618515352e+01 -8.393134802395499605e+01
7.808074411588881958e+01 -8.387452523368715163e+01
7.903544702830836854e+01 -8.381554698870228037e+01
7.993320793012802028e+01 -8.375343208118928828e+01
8.078359710925658987e+01 -8.368695556906692445e+01
8.159516683372568480e+01 -8.361463338360229613e+01
8.237545051077339053e+01 -8.353470108195882915e+01
8.313095316524663758e+01 -8.344508637309968435e+01
8.386713773005905637e+01 -8.334337476130399125e+01
8.458841806570772803e+01 -8.322676722927678838e+01
8.529818207754938442e+01 -8.309202874890753776e+01
8.599889240925679701e+01 -8.293543319957019833e+01
8.669235921088376529e+01 -8.275280356242963364e+01
