8.578611436162489667e+01 8.006704975282289638e+01
8.577478444119046230e+01 8.009321936028584332e+01
8.570119720738115632e+01 8.013875006701330506e+01
8.555289989539221551e+01 8.017739584550079712e+01
8.536825406100805935e+01 8.021556493297019585e+01
8.516288889036653131e+01 8.025277379323026139e+01
8.494266663129704398e+01 8.028881093947633474e+01
8.470918009553336958e+01 8.032361827175903102e+01
8.446211978172389934e+01 8.035720131291967050e+01
8.420028937396708102e+01 8.038959000293151291e+01
8.392203686301412802e+01 8.042082177329574222e+01
8.362543268025990528e+01 8.045093423326852644e+01
8.330833795020218702e+01 8.047996198940180079e+01
8.296842462242885574e+01 8.050793523111978800e+01
8.260317409794089372e+01 8.053487905906501965e+01
8.220986577600392309e+01 8.056081311343469054e+01
8.178556038047645416e+01 8.058575131015768989e+01
8.132708008128025767e+01 8.060970160088535863e+01
8.083098619158792530e+01 8.063266571931907833e+01
8.029355468032592569e+01 8.065463889633923600e+01
7.971074949778635244e+01 8.067560953483661024e+01
7.907819359883268362e+01 8.069555883860157053e+01
7.839113748958260430e+01 8.071446039091610203e+01
7.764442508761582928e+01 8.073227967883359213e+01
7.683245665883701747e+01 8.074897355904383289e+01
7.594914857010782328e+01 8.076448966092966941e+01
7.498788957307625935e+01 8.077876572201732586e+01
7.394149331033743522e+01 8.079172885053625919e+01
7.280214671026838857e+01 8.080329470922909252e+01
7.156135391296619730e+01 8.081336661384560216e+01
7.020987535048759298e+01 8.082183453880352886e+01
6.873766159927237140e+01 8.082857402104446010e+01
6.713378165295054600e+01 8.083344495055490597e+01
6.538634538029575083e+01 8.083629023097793720e+01
6.348242025338466021e+01 8.083693428301454276e+01
6.140794322738700828e+01 8.083518133951386631e+01
5.914763055661676106e+01 8.083081342717859741e+01
5.668489280204462233e+01 8.082358780608899451e+01
5.400177270463609602e+01 8.081323335319105183e+01
5.107894779394369067e+01 8.079944471876812884e+01
4.789589569492817134e+01 8.078187167267158486e+01
4.443145034224809109e+01 8.076010673304695331e+01
4.066530486590681193e+01 8.073443273332833314e+01
3.658393946796165608e+01 8.077197882336247403e+01
3.231359730318987999e+01 8.084105082129019593e+01
2.804031225896722646e+01 8.083771825453024462e+01
2.384626161276396417e+01 8.076196456768866483e+01
1.976992578566067849e+01 8.062504567489912688e+01
1.582861457638018443e+01 8.043725383463642231e+01
1.202856364362676267e+01 8.020694244872227330e+01
8.369850989375608563e+00 7.994083379938604139e+01
4.848910059093168634e+00 7.964431646339421889e+01
1.459879862034795250e+00 7.932163934613895151e+01
-1.804619217137700238e+00 7.897603790077066321e+01
-4.952998267366304219e+00 7.860982213353095460e+01
-7.994361208621384662e+00 7.822444277407169011e+01
-1.093824510945290385e+01 7.782054400552979700e+01
-1.379440430841733622e+01 7.739800703724094433e+01
-1.657261997106964202e+01 7.695598677594620085e+01
-1.928252492844410071e+01 7.649294286983386826e+01
-2.193343767807412448e+01 7.600666593223598966e+01
-2.453420142535291149e+01 7.549429953568603935e+01
-2.709302504511704868e+01 7.495235847394793893e+01
-2.961732336084622830e+01 7.437674375683351968e+01
-3.211355442350908618e+01 7.376275479911265620e+01
-3.458705165277118709e+01 7.310509927425150067e+01
-3.704184885546613515e+01 7.239790111533592665e+01
-3.948049632225417582e+01 7.163470714811013806e+01
-4.190386650568844118e+01 7.080849281651534000e+01
-4.431094834797479365e+01 6.991166737454014424e+01
-4.669863044355093251e+01 6.893607869867504689e+01
-4.906147547693993971e+01 6.787301737693893244e+01
-5.139149296997712923e+01 6.671321865073367974e+01
-5.367792676109287697e+01 6.544685848313515919e+01
-5.590709284169528814e+01 6.406353505024817707e+01
-5.806234235084910722e+01 6.255221542931774081e+01
-6.012430360935872642e+01 6.090109531220137740e+01
-6.207171084468748035e+01 5.909719932290177979e+01
-6.388338647522527225e+01 5.712493980792142168e+01
-6.554210156888105132e+01 5.495918958021264444e+01
-6.703887626029654712e+01 5.252488666465287537e+01
-6.838616492165034799e+01 4.985565583201113071e+01
-6.960271229104579049e+01 4.709474308192922365e+01
-7.069674273297576406e+01 4.432210167862609751e+01
-7.167665766207252886e+01 4.158369051602264932e+01
-7.255172554477665869e+01 3.890660762056491251e+01
-7.333147368643138009e+01 3.630710907806442123e+01
-7.402519975368915084e+01 3.379493967459490023e+01
-7.464170718662948900e+01 3.137572212067082944e+01
-7.518918915422570137e+01 2.905231396334205130e+01
-7.567519509046856285e+01 2.682560962509423064e+01
-7.610663985267520104e+01 2.469503960336695059e+01
-7.648983349937392973e+01 2.265890050763277941e+01
-7.683051999738486870e+01 2.071458729561240020e+01
-7.713391876538064196e+01 1.885876619611187266e+01
-7.740476593694604901e+01 1.708750942256082794e+01
-7.764735379316888952e+01 1.539640355590274368e+01
-7.786556763432977846e+01 1.378063855035089702e+01
-7.806291978497915807e+01 1.223508166030349464e+01
-7.824258064316711625e+01 1.075433913246699724e+01
-7.840740679123437928e+01 9.332807690999663564e+00
-7.855996623422754510e+01 7.964717368607870718e+00
-7.870256084997220114e+01 6.644166946551916197e+00
-7.883724613649498281e+01 5.365153078811211174e+00
-7.896584833539087356e+01 4.121594046470415940e+00
-7.908997899785271102e+01 2.907348994465193126e+00
-7.921104704548751840e+01 1.716233431735627812e+00
-7.933026836180971486e+01 5.420317208698645084e-01
-7.944867293296158550e+01 -6.214927591809938923e-01
-7.956710953801960784e+01 -1.780589125798428318e+00
-7.968624797030204832e+01 -2.941511552036682797e+00
-7.980657875141208990e+01 -4.110512257899761046e+00
-7.992841027929733855e+01 -5.293834324505760414e+00
-8.005186333031524271e+01 -6.497703719402825762e+00
-8.017686281307362606e+01 -7.728319910090559297e+00
